250
36
205
83
85
242
13
123
73
106
7
190
235
141
188
17
221
159
196
119
120
13
250
168
220
122
165
209
156
70
239
68
72
29
123
253
127
93
137
168
166
1
147
22
227
36
97
204
36
252
171
98
157
119
55
159
174
42
194
19
140
167
250
87
150
22
188
16
121
45
77
114
140
75
224
158
145
0
132
43
109
77
32
19
86
119
50
172
3
52
74
106
53
132
98
191
255
255
254
213
49
121
76
246
165
145
14
246
21
63
255
255
255
255
255
255
255
255
255
255
255
255
255
255
255
255
255
255
241
217
245
252
109
181
23
23
117
140
176
56
238
6
27
164
142
192
205
39
235
105
99
191
47
77
131
223
58
117
221
18
201
233
164
85
10
252
127
122
20
58
151
120
65
139
198
131
249
193
130
10
114
10
148
50
241
197
66
82
244
131
118
236
112
80
137
151
119
104
160
132
255
167
179
202
170
198
102
249
245
115
84
106
202
89
247
121
157
59
210
143
157
123
95
31
127
100
88
172
33
170
22
225
211
215
78
67
84
240
189
241
26
121
218
141
99
225
44
213
109
9
111
255
255
255
255
255
255
255
255
252
252
191
25
33
153
78
72
227
126
140
11
144
155
122
114
51
32
67
184
92
243
96
249
27
72
5
177
167
4
26
213
104
142
204
67
36
243
99
243
113
199
42
196
168
189
26
74
60
247
46
170
189
128
40
43
166
58
197
107
86
200
7
169
193
33
149
99
218
52
138
52
9
234
226
237
111
178
239
109
235
209
52
9
59
159
240
163
232
186
203
78
59
171
165
61
89
248
166
249
222
140
168
248
58
125
178
38
103
108
176
131
30
169
139
214
164
109
135
204
255
255
255
255
255
255
255
255
236
167
87
201
145
52
65
24
131
151
104
64
143
96
189
253
171
90
105
51
135
40
163
116
84
99
166
50
240
251
47
68
10
152
74
217
252
19
24
114
162
42
80
98
199
97
226
114
89
151
107
79
236
136
60
175
8
27
146
236
48
57
25
163
128
162
80
228
241
205
45
225
70
158
80
74
152
137
234
138
203
44
214
76
66
111
70
117
245
160
244
252
249
173
43
87
171
234
83
54
255
151
95
146
122
245
228
163
78
236
92
193
20
237
73
57
22
31
58
180
247
76
13
208
50
241
195
142
36
144
4
121
83
144
162
42
114
126
176
225
20
204
211
200
250
86
192
91
87
148
184
53
158
234
195
235
74
80
135
113
6
197
23
255
99
176
105
31
255
255
255
255
255
255
255
255
255
19
150
121
226
239
222
144
107
89
160
87
231
238
153
146
114
77
121
112
122
108
129
22
2
20
24
211
77
54
204
66
81
130
218
243
128
49
101
253
237
206
194
76
231
45
232
46
151
151
48
205
242
91
37
178
101
164
76
24
152
107
61
66
117
225
92
156
233
211
221
165
24
248
141
233
70
85
72
63
132
142
91
135
234
212
123
44
47
196
203
78
147
56
120
145
34
16
3
48
242
75
124
107
70
57
162
180
174
97
65
197
97
112
205
129
109
235
175
61
224
64
221
93
125
133
142
226
42
195
255
255
255
255
255
255
255
255
255
255
255
255
130
220
102
206
51
112
186
137
104
212
23
150
128
186
182
22
52
231
231
75
98
122
245
240
239
253
50
188
133
172
28
24
129
142
181
125
139
64
178
107
57
72
38
47
152
25
108
118
60
124
242
179
143
5
92
5
216
136
243
39
194
136
135
207
172
51
239
131
105
162
151
198
61
234
167
32
27
81
235
208
255
1
136
10
0
135
255
255
255
255
255
255
255
255
255
255
255
255
255
132
119
93
35
81
243
169
156
89
180
14
142
147
17
7
61
137
65
235
144
239
115
202
94
176
16
76
254
64
113
108
183
117
66
59
252
159
200
179
98
18
76
107
200
180
56
12
32
159
99
52
26
65
219
146
114
242
61
204
202
130
100
96
6
251
196
188
171
250
193
163
82
235
217
145
232
48
36
15
255
255
255
255
255
255
255
255
255
255
255
252
177
214
252
54
4
76
245
228
6
223
164
176
55
206
58
227
72
233
1
236
1
232
109
130
165
55
190
156
181
228
173
235
188
43
38
146
170
124
0
182
106
92
213
22
64
212
136
148
9
125
140
99
5
129
174
115
29
31
193
23
153
53
77
111
156
251
178
20
39
145
175
73
135
87
62
168
24
77
58
85
6
204
86
154
242
162
130
191
104
198
158
146
197
63
135
155
96
26
151
27
113
74
50
11
44
170
209
185
199
95
37
172
207
102
156
180
225
169
130
233
207
164
253
217
114
83
199
137
171
224
172
72
137
235
108
207
74
152
38
152
111
49
241
45
233
186
128
53
36
246
99
39
244
45
184
100
16
230
223
151
196
20
123
23
243
34
255
255
255
255
255
255
255
255
241
192
212
158
149
68
204
177
52
211
81
68
162
117
33
59
33
21
25
252
248
131
115
225
26
11
143
81
149
211
73
22
179
21
163
95
156
0
88
205
252
153
217
193
243
252
230
139
167
156
15
175
91
172
120
73
100
220
164
224
130
137
248
58
139
156
191
96
42
252
49
156
194
243
209
78
149
78
8
187
72
129
19
67
95
209
189
105
96
134
53
123
40
97
24
129
170
14
159
235
204
209
66
51
19
237
156
237
6
241
34
140
141
102
178
69
119
74
139
212
153
136
136
250
10
9
124
25
1
26
20
195
39
105
164
75
167
86
130
128
105
192
133
91
249
64
240
186
186
78
240
63
64
192
39
32
89
89
198
176
167
255
255
152
166
215
74
250
6
255
255
253
113
99
158
251
164
243
217
131
140
148
19
173
77
149
185
207
202
249
134
60
85
237
116
166
241
82
94
10
166
113
157
89
100
205
4
95
196
81
135
163
22
217
233
223
140
163
111
113
97
1
60
93
67
105
240
28
21
76
84
100
185
36
93
152
91
145
121
109
97
97
27
104
133
131
254
33
69
56
134
218
152
182
229
244
194
87
4
91
177
106
202
99
213
188
14
189
204
118
29
233
160
8
201
183
249
74
32
54
33
88
236
195
113
98
86
0
88
154
199
213
88
53
186
210
34
50
212
90
253
244
240
85
82
179
208
255
255
255
255
255
255
255
209
28
135
218
154
148
87
177
1
165
215
119
51
185
122
62
222
140
75
103
0
197
224
50
79
22
8
119
97
103
223
112
117
74
109
5
31
169
167
218
159
216
195
241
231
55
219
223
41
99
53
24
68
219
13
55
221
199
241
164
182
133
144
106
138
43
39
122
223
143
153
182
77
57
237
177
142
56
248
53
163
131
124
55
219
77
237
65
235
72
146
187
187
19
38
163
22
196
220
164
66
177
240
51
194
55
137
197
253
27
74
254
127
176
143
255
255
255
255
255
255
255
255
254
216
117
168
19
16
248
167
201
251
216
248
244
174
158
49
174
204
192
112
83
115
241
13
247
169
194
117
144
41
166
147
187
151
78
176
104
46
1
193
46
48
168
140
121
134
231
44
37
21
163
110
222
38
186
244
107
45
142
89
240
1
44
63
47
51
157
122
190
75
141
202
233
139
142
226
157
156
177
216
129
114
164
47
139
46
84
41
239
251
22
64
103
58
200
198
124
151
15
215
180
52
83
203
177
106
21
166
110
166
62
91
42
150
141
1
141
86
51
197
149
35
229
206
233
3
233
79
250
223
255
255
255
255
255
255
255
255
254
56
180
151
162
245
22
45
219
122
71
102
110
248
141
173
152
231
209
195
16
189
146
114
240
202
210
207
205
174
52
23
197
177
151
211
225
213
63
176
204
120
235
17
37
119
71
127
30
120
162
219
126
222
39
228
32
182
244
146
169
102
75
115
155
108
246
83
0
34
248
208
6
58
181
252
121
252
135
161
34
206
121
81
245
232
19
252
19
157
90
197
109
2
180
240
251
25
40
129
40
136
199
69
156
147
45
156
51
170
131
84
68
254
1
232
216
26
162
186
28
255
97
153
92
192
139
196
152
44
45
252
250
16
1
172
3
5
157
140
230
108
146
169
54
255
255
255
255
255
255
255
255
255
231
160
219
209
159
151
186
92
253
160
214
123
93
13
198
96
65
159
109
6
192
208
143
168
182
193
43
49
102
154
197
208
218
9
70
231
74
162
57
149
184
55
129
138
79
100
39
32
38
53
247
18
122
112
120
237
10
24
91
124
246
130
110
148
85
102
243
91
63
237
203
93
35
77
100
1
58
56
204
154
50
88
178
90
75
251
132
235
83
10
200
114
39
35
0
210
63
213
106
164
177
171
64
44
167
28
215
144
0
58
22
157
9
53
134
161
62
17
87
137
56
150
165
39
31
22
37
168
189
43
188
146
176
79
19
186
93
161
203
95
116
201
72
64
252
98
127
14
146
195
123
58
233
63
117
164
115
191
255
255
255
255
214
54
241
221
216
158
176
59
15
155
156
100
43
60
9
175
228
96
39
252
117
218
53
105
204
124
64
206
146
152
118
211
12
234
224
48
102
141
152
245
254
239
70
102
141
19
236
25
67
246
3
140
16
193
167
12
36
162
99
107
141
229
138
18
44
215
3
112
165
20
8
74
48
4
102
156
161
43
51
48
254
155
145
187
8
181
98
239
188
81
151
188
250
236
42
137
0
77
132
177
86
192
113
214
155
150
191
170
191
18
249
106
18
21
25
130
171
234
182
26
12
74
99
159
127
204
111
243
95
23
26
158
35
227
220
214
81
12
154
120
209
201
73
111
128
225
143
195
222
51
59
116
14
246
84
76
167
4
19
195
141
164
230
199
17
244
235
212
35
181
56
23
97
207
162
151
249
145
60
124
63
255
255
255
255
255
197
117
153
11
114
230
115
163
102
42
159
176
184
203
65
126
38
218
64
169
119
219
118
153
225
106
120
7
209
188
51
135
4
51
196
40
202
30
162
126
33
210
8
42
91
216
118
208
111
44
55
116
145
166
155
116
194
104
194
195
77
208
94
130
88
111
164
149
173
27
170
81
79
83
128
202
32
57
33
108
180
38
115
151
107
111
7
2
229
151
145
75
156
237
86
53
33
135
80
126
50
235
200
120
219
221
17
75
233
200
29
9
55
187
177
180
207
205
62
135
228
22
154
13
43
177
171
169
95
151
127
179
20
171
176
125
203
25
43
252
110
107
239
218
160
220
183
2
10
126
217
186
88
25
136
3
139
215
224
142
253
115
77
137
39
12
37
3
202
182
133
81
214
198
129
131
99
37
68
177
50
73
60
107
194
15
254
245
158
147
193
253
100
180
251
10
24
191
255
255
255
255
255
255
255
255
253
16
26
185
253
30
139
161
238
10
11
198
7
11
251
33
111
253
91
72
185
88
63
169
42
144
11
69
100
85
85
173
177
201
200
20
183
210
118
252
144
177
123
120
60
34
7
164
198
143
177
202
112
58
246
72
140
77
51
47
198
233
96
70
54
130
77
127
237
230
113
178
169
145
133
0
151
207
90
96
93
123
71
212
51
50
123
86
196
150
213
0
11
73
122
73
50
16
60
14
230
80
12
132
183
239
94
74
8
100
122
139
163
30
199
117
175
132
84
57
46
120
57
9
197
200
82
3
243
22
38
77
177
74
116
153
160
27
92
228
248
217
223
230
193
149
72
75
54
148
117
160
61
82
45
166
194
61
246
72
177
98
60
193
128
136
151
48
148
191
118
254
165
44
81
97
155
41
27
85
91
21
243
112
14
12
71
172
108
66
175
59
232
98
173
247
232
33
64
197
232
36
84
39
85
98
49
175
229
5
91
127
255
255
255
255
255
255
250
70
204
89
230
236
140
58
190
103
28
131
225
123
187
13
169
157
42
208
174
245
245
2
79
27
56
252
134
87
192
33
204
101
16
77
177
234
123
241
135
83
205
175
78
115
194
220
154
133
250
41
120
152
41
158
96
94
220
38
143
92
135
175
156
85
186
110
239
183
227
82
64
247
175
121
33
235
199
118
26
74
218
121
11
77
5
23
101
187
139
100
95
164
66
168
69
113
159
157
84
227
100
9
225
114
222
40
168
43
53
182
180
237
114
226
47
163
185
149
118
80
24
108
92
161
119
59
79
252
162
105
78
11
220
78
126
248
131
227
189
8
146
18
3
245
84
49
125
108
224
199
117
140
204
129
170
150
194
227
209
254
12
168
134
126
216
99
181
233
66
125
24
254
230
103
46
31
255
255
255
255
255
255
255
255
255
255
255
255
219
123
244
71
160
65
129
205
192
82
174
141
233
227
71
54
86
164
150
237
209
45
213
254
97
210
82
221
76
232
150
237
198
155
120
254
239
172
21
240
246
174
96
93
102
108
252
72
204
129
131
44
29
180
104
3
20
75
9
134
157
115
153
111
190
6
7
20
141
30
178
175
74
250
231
42
61
133
16
90
213
121
206
9
66
208
146
141
160
237
191
113
168
125
11
235
11
202
48
189
160
98
74
189
119
175
158
184
98
172
100
197
69
49
186
196
65
17
80
152
31
112
31
24
109
255
234
47
93
149
123
247
187
252
120
22
30
29
14
62
56
189
200
5
54
235
164
47
186
175
143
13
0
180
180
95
178
34
236
99
73
153
120
102
133
26
95
30
108
56
205
252
20
100
41
255
124
21
16
81
67
211
205
191
255
255
255
255
255
255
255
255
255
255
58
204
9
67
48
31
99
81
156
246
93
138
100
48
220
231
29
233
157
87
127
123
52
99
15
133
176
178
213
175
109
120
51
36
50
53
95
5
115
235
70
255
202
214
238
53
156
227
133
225
196
211
212
86
244
239
85
32
149
246
180
43
83
155
0
81
194
161
151
135
220
128
202
228
99
40
51
102
167
97
119
40
44
171
247
11
70
18
114
221
93
150
255
243
171
195
220
221
19
205
114
101
92
99
25
167
230
195
152
34
125
206
45
99
29
166
146
216
210
200
146
191
237
161
186
174
69
150
246
216
93
2
111
50
23
30
19
204
8
203
101
8
178
16
56
31
7
120
117
169
54
247
35
120
18
189
152
74
40
202
110
41
33
195
206
205
120
183
77
164
35
171
238
1
20
137
54
111
14
31
255
255
255
255
255
255
255
255
255
255
255
255
255
181
254
101
98
165
151
103
128
34
126
36
179
205
147
1
223
66
244
197
179
96
102
139
210
98
50
55
118
71
194
77
64
203
191
22
238
63
249
104
168
186
222
179
66
132
216
153
184
100
110
60
117
59
131
14
156
9
1
25
230
61
204
237
35
157
155
84
148
127
229
41
146
157
212
45
60
126
137
166
210
133
45
34
103
142
152
53
157
12
177
171
122
182
81
132
30
49
24
170
3
187
108
11
190
240
42
60
125
215
73
193
239
226
37
1
170
60
64
154
8
195
219
10
38
73
153
173
204
111
219
99
87
154
36
90
83
92
213
255
113
59
68
175
204
93
8
208
85
240
52
52
179
178
221
25
34
73
226
38
6
187
57
6
154
38
36
152
229
16
129
83
124
140
52
82
18
99
57
12
165
39
13
19
70
229
109
73
198
168
30
209
193
209
129
0
144
231
112
120
203
152
134
85
255
255
255
255
255
255
255
255
255
255
255
255
224
150
18
92
57
35
100
87
188
68
193
59
116
62
64
66
10
75
86
154
232
223
79
122
164
193
98
202
66
231
64
148
32
17
236
19
83
40
52
248
201
188
179
100
46
229
54
88
250
134
80
62
191
129
92
156
129
80
122
253
48
238
191
156
65
187
200
80
89
182
204
167
129
159
253
138
128
105
187
39
128
144
127
138
178
50
175
110
141
90
235
99
161
113
242
71
222
216
84
115
230
43
148
181
185
152
168
139
230
67
116
75
127
186
51
157
249
212
52
26
25
147
207
129
118
148
255
85
200
84
149
246
166
40
87
221
20
80
162
250
25
226
32
25
113
48
20
156
135
27
241
252
73
224
153
178
31
204
82
41
221
203
163
105
235
156
138
213
205
145
150
230
208
14
53
163
115
41
32
172
229
134
203
105
244
104
145
103
91
255
255
255
255
210
95
34
255
255
255
255
255
204
135
94
225
138
2
209
125
9
115
33
30
152
147
187
27
58
58
107
35
126
77
7
137
185
14
150
205
232
5
112
163
127
137
245
242
127
47
180
236
93
118
58
246
215
226
221
148
207
207
139
39
35
2
240
143
129
210
238
139
215
64
114
28
93
60
253
174
141
49
174
46
27
5
203
31
57
189
19
103
244
156
165
4
6
87
235
114
60
74
127
214
182
169
132
65
123
23
91
64
44
84
108
145
233
61
209
196
85
54
178
229
214
183
163
152
18
43
65
88
255
188
68
100
49
57
221
36
91
24
219
109
49
148
50
47
74
60
122
156
118
201
17
176
26
40
34
145
200
1
19
199
99
249
130
163
113
227
235
185
244
107
89
96
62
81
86
124
131
34
237
83
180
53
255
188
200
179
127
255
255
255
255
255
255
255
249
128
175
203
79
95
56
4
251
35
81
123
123
43
237
164
79
151
105
72
97
154
186
66
32
37
74
105
105
118
224
29
239
70
89
163
224
43
116
94
169
212
245
188
30
221
167
164
151
154
240
155
199
100
183
139
141
249
27
67
226
108
64
109
104
24
169
136
244
60
6
42
226
147
166
183
8
75
198
120
61
128
86
41
176
17
103
142
152
54
11
26
232
213
173
82
171
33
10
228
241
183
78
154
56
235
199
238
141
215
158
126
215
25
185
115
121
0
24
202
218
9
218
251
175
95
199
86
10
53
236
110
221
235
79
172
40
148
248
12
39
15
141
250
156
127
255
255
255
255
255
255
255
255
255
255
255
179
90
206
75
116
65
149
36
50
88
19
60
118
56
129
219
230
211
225
123
196
79
125
99
34
229
137
158
92
34
140
217
61
160
49
213
230
71
49
140
234
73
35
152
147
52
24
81
184
228
224
98
3
21
244
207
119
5
205
167
166
63
88
168
174
161
152
114
78
191
182
80
38
54
199
157
68
91
248
239
112
190
87
166
220
172
143
31
90
143
143
107
226
35
226
106
191
216
157
50
95
245
128
208
247
156
10
166
226
107
49
46
223
96
38
72
122
99
200
55
175
137
6
30
92
171
233
7
152
128
81
222
141
122
6
102
152
242
255
145
15
213
127
255
255
255
255
255
255
255
255
255
255
255
85
170
94
76
35
172
153
157
192
172
135
231
148
105
18
105
177
187
194
171
180
3
241
235
202
96
1
114
129
74
107
12
126
146
121
140
99
37
119
145
206
168
1
27
115
192
12
3
20
201
113
108
153
136
201
180
60
131
9
90
148
226
133
153
141
166
51
64
78
42
134
215
243
151
244
96
236
243
209
61
158
39
89
19
210
178
176
164
112
180
159
171
136
134
120
138
72
152
146
3
94
141
228
124
3
182
227
134
138
197
181
157
164
42
243
54
9
222
147
215
221
211
122
191
39
122
15
244
204
104
186
206
166
79
253
132
93
180
56
88
50
129
13
255
166
124
216
255
255
255
255
255
255
255
255
255
255
255
254
215
208
231
63
115
150
65
68
126
154
214
112
132
111
5
58
78
37
111
159
225
27
223
95
92
199
227
218
20
99
53
164
88
79
107
153
20
67
114
113
95
53
213
15
162
12
125
157
115
199
187
215
235
77
130
221
249
159
56
182
154
9
58
107
8
25
213
178
10
6
143
118
70
245
86
248
203
137
203
125
60
224
155
153
246
96
82
18
68
179
51
201
132
195
94
95
233
188
33
115
120
240
10
94
23
86
132
141
125
236
77
254
136
166
102
167
75
67
115
234
171
113
169
129
6
240
167
175
168
75
23
3
192
102
128
206
70
171
36
105
104
117
144
2
187
178
89
63
183
153
210
123
63
255
255
255
255
255
255
255
255
255
255
255
248
150
21
58
32
148
106
87
218
251
127
53
154
143
220
2
71
56
97
68
34
9
225
195
61
59
55
71
160
193
184
189
18
194
115
144
30
28
108
197
158
215
166
194
235
138
61
21
22
196
189
120
235
251
206
160
253
170
22
33
115
58
69
63
45
201
53
199
151
37
94
122
216
178
17
28
64
43
144
241
110
77
94
7
107
157
166
34
25
122
253
66
247
23
33
67
20
82
43
117
206
31
146
81
160
8
56
108
189
2
7
250
191
238
171
112
90
59
2
69
99
65
128
105
105
49
116
150
152
12
30
167
130
68
179
115
211
114
21
222
181
148
90
113
34
170
116
33
176
177
228
87
57
156
11
53
137
223
28
7
216
89
159
24
82
215
255
255
255
255
255
255
255
255
255
255
255
252
135
21
249
228
230
217
4
56
13
205
55
111
51
41
111
134
250
71
27
22
157
177
63
94
41
214
248
32
251
243
168
118
251
211
49
185
174
76
173
137
150
167
60
178
88
40
242
226
226
20
239
241
119
84
228
114
147
63
28
213
159
141
189
194
69
169
57
211
228
215
9
84
172
13
249
213
148
89
60
115
216
89
83
58
129
10
255
207
92
27
141
245
164
96
207
87
146
157
54
132
54
106
136
44
138
156
10
156
61
56
255
181
214
194
67
16
103
94
126
138
0
193
69
21
58
149
173
208
75
244
161
173
252
187
185
169
250
228
10
158
137
185
218
187
184
213
42
13
221
94
120
109
44
225
126
129
117
251
255
255
255
255
255
255
255
255
255
255
255
255
133
11
234
164
129
99
198
23
252
83
54
88
190
184
126
215
38
63
200
228
119
17
232
190
58
14
33
152
84
128
139
85
185
101
229
27
123
143
1
102
174
115
193
143
95
100
237
86
130
72
121
41
120
173
136
75
19
203
43
181
207
3
250
52
130
181
224
245
197
39
234
138
109
194
37
246
62
178
57
1
29
104
54
25
198
247
167
171
86
146
88
190
162
233
1
133
174
98
42
72
175
154
141
112
157
166
172
129
50
197
185
186
34
199
121
42
169
177
219
59
138
193
7
242
99
190
42
222
202
176
234
59
65
178
213
142
17
209
1
89
18
224
185
13
70
198
230
55
47
255
255
255
255
255
255
255
255
255
255
255
255
255
207
200
100
112
89
213
221
127
123
216
255
119
6
64
220
211
148
101
51
253
102
166
33
168
13
236
162
49
186
1
132
87
179
28
82
251
129
184
43
169
102
92
167
146
154
84
38
248
123
67
203
73
112
163
140
244
122
254
123
30
128
242
101
107
248
139
11
95
243
175
183
37
13
154
152
121
76
8
10
244
0
9
133
128
37
24
142
7
183
115
237
160
27
227
22
69
114
28
131
66
216
239
54
150
43
188
235
22
76
59
223
156
57
81
82
107
80
189
173
162
11
59
190
204
172
237
77
105
90
160
146
173
173
179
138
31
58
198
177
29
223
255
255
255
255
255
255
255
255
255
255
255
255
255
197
71
11
120
115
220
25
76
7
23
54
3
250
219
53
210
122
157
228
83
6
16
208
222
34
198
101
56
155
139
122
255
209
255
139
222
10
6
23
155
64
196
81
243
184
125
159
115
54
186
110
80
203
193
143
153
230
144
181
59
255
4
84
31
214
94
163
63
30
104
210
112
83
13
198
156
147
171
205
86
164
128
163
81
69
19
177
19
111
194
87
30
139
116
171
150
65
192
107
239
51
237
152
21
24
147
180
43
235
199
122
37
167
152
70
2
0
107
135
124
185
117
153
1
16
22
46
94
133
96
141
113
118
236
75
243
110
63
218
237
93
31
217
156
8
209
63
255
255
255
255
255
255
255
255
255
255
255
255
255
253
254
146
115
72
169
251
251
93
58
22
49
193
233
243
135
66
31
151
68
21
125
91
241
54
133
56
195
235
44
140
142
16
185
120
133
0
149
237
130
208
108
52
163
34
116
105
225
46
187
34
157
132
151
39
174
102
117
196
221
101
49
177
242
136
95
133
11
65
167
201
85
43
202
198
163
102
77
199
179
162
99
84
14
157
210
246
136
184
113
4
69
208
203
218
233
140
28
119
45
76
237
80
185
243
201
37
105
145
80
110
38
129
155
150
165
144
104
232
148
134
163
7
228
31
173
248
127
100
175
141
199
210
26
11
255
255
255
255
255
255
255
255
255
255
255
255
255
254
135
29
133
120
132
69
9
221
148
195
250
158
19
40
33
14
71
94
109
143
77
126
135
164
152
143
248
97
81
59
189
204
140
230
110
18
42
215
239
80
158
144
210
193
96
67
227
131
127
158
185
194
67
225
133
141
251
107
47
232
159
198
7
169
61
69
138
111
18
211
113
151
177
162
175
251
223
3
156
85
83
180
245
145
161
67
153
44
76
146
65
173
47
180
210
11
196
9
229
88
3
112
16
244
146
65
165
251
84
231
71
233
79
9
71
238
103
229
54
38
98
75
133
5
61
226
46
51
120
88
159
153
57
70
125
185
105
243
255
255
255
255
255
255
255
254
189
101
158
169
187
165
242
49
96
155
225
76
217
128
49
64
189
245
197
27
66
152
79
139
172
77
232
94
68
31
174
132
245
104
140
206
44
113
46
145
113
245
198
54
193
115
38
212
102
92
19
71
95
45
23
184
211
8
110
163
87
104
195
88
209
219
229
133
36
104
183
88
156
185
219
60
66
67
240
251
61
14
4
97
211
52
24
62
23
232
196
108
5
143
114
187
48
68
70
184
129
34
34
208
89
108
212
166
48
108
7
31
128
65
223
247
198
39
242
139
151
163
184
122
170
6
69
101
3
116
40
37
122
13
146
65
191
255
255
255
255
255
255
255
255
255
255
255
255
244
60
48
22
15
15
55
189
3
51
18
0
156
208
7
0
64
187
191
210
117
55
74
118
144
229
17
85
172
153
208
178
80
125
19
143
193
175
142
25
73
127
166
116
80
130
112
173
227
187
216
63
83
194
217
6
238
59
47
3
228
25
50
206
221
163
1
191
227
12
18
100
55
236
157
150
52
2
113
79
109
123
220
207
69
53
173
39
248
61
146
214
93
131
185
217
89
121
178
242
66
143
244
84
111
230
240
166
147
32
198
213
231
96
247
216
34
166
195
193
15
47
136
89
185
252
17
119
45
119
26
193
146
171
98
159
255
255
255
255
255
255
255
255
255
255
255
255
227
46
93
65
72
165
157
58
1
122
23
3
159
154
247
9
85
29
82
54
163
85
148
236
218
125
95
122
147
76
203
82
173
202
80
71
123
113
4
223
4
242
35
157
113
89
216
43
227
103
141
178
42
6
189
203
10
204
57
105
139
52
61
136
250
101
19
232
177
63
154
21
33
71
24
135
203
62
208
211
236
30
229
124
26
4
47
204
228
143
45
87
225
100
180
208
61
232
253
48
104
208
74
43
41
173
37
223
27
95
69
113
65
166
229
211
226
57
147
207
109
103
76
154
192
171
255
255
255
255
255
255
255
255
255
255
255
254
194
138
171
69
145
131
154
160
245
33
42
115
74
219
69
51
69
95
72
197
100
96
107
158
58
202
55
66
88
220
7
110
25
121
216
97
63
69
76
69
180
52
187
255
231
248
137
138
119
136
188
137
88
216
42
58
48
165
41
84
69
141
85
122
178
90
89
29
130
28
129
58
114
239
254
22
101
178
36
160
5
106
15
33
2
177
110
190
152
147
242
253
119
97
204
210
225
12
241
218
251
44
233
182
209
176
218
178
110
125
230
3
58
182
119
120
16
73
23
75
200
48
179
219
136
59
255
255
255
255
255
255
255
255
255
255
255
255
250
199
92
159
102
90
11
112
207
102
98
162
123
242
223
182
100
165
65
71
188
118
206
43
33
157
139
208
185
38
1
18
230
24
196
255
124
202
35
93
3
220
52
102
9
48
171
3
125
113
249
212
187
56
71
128
160
0
31
119
179
101
41
146
83
149
161
77
17
29
50
125
242
227
153
164
171
26
46
117
119
180
204
239
224
228
242
128
129
89
190
215
218
163
90
9
247
128
133
37
63
198
45
108
86
42
155
139
67
162
211
57
189
95
41
83
234
137
24
238
197
86
70
149
78
150
127
152
100
223
255
255
255
255
255
255
255
255
255
255
253
237
48
169
207
16
170
132
56
255
13
189
9
8
74
12
165
196
60
174
61
128
56
46
91
35
255
91
12
153
80
20
141
169
221
132
223
102
238
2
146
177
18
128
210
137
253
156
47
83
208
209
98
210
100
73
158
131
22
137
211
114
33
151
33
241
195
156
9
130
111
122
216
58
254
171
161
93
82
242
16
168
118
6
25
172
123
16
246
26
167
163
66
212
184
4
24
231
43
244
135
198
1
44
91
170
72
8
83
5
234
232
41
219
167
79
131
85
238
168
150
206
26
219
128
190
89
254
19
54
239
0
29
71
7
135
81
154
159
255
255
255
255
255
255
255
255
255
255
249
157
221
115
132
142
223
41
97
119
44
164
72
92
228
56
22
220
105
39
43
26
164
28
196
196
0
149
95
130
119
178
54
158
63
159
107
242
141
61
62
246
199
192
238
132
150
192
81
94
186
197
226
19
19
180
252
71
189
51
229
87
43
135
252
28
255
170
216
110
107
104
6
110
194
18
142
158
222
53
223
100
211
169
208
153
108
47
136
206
72
122
212
33
242
145
49
91
234
128
228
62
9
123
31
102
230
158
40
177
160
102
145
194
85
121
227
102
37
248
204
147
111
88
147
146
251
39
3
53
79
203
63
154
178
148
47
69
255
255
255
255
255
255
255
255
255
255
255
153
117
183
17
29
204
196
143
121
127
84
124
30
88
238
146
225
155
2
213
65
26
123
113
222
7
182
77
48
136
224
173
105
128
0
86
241
244
146
160
88
23
116
142
40
50
125
55
18
21
74
10
136
236
216
109
28
186
227
246
164
125
143
192
111
201
52
185
187
224
67
170
167
127
204
36
37
166
89
43
127
150
93
20
241
11
112
223
61
248
65
152
15
195
190
134
153
232
158
222
167
36
102
25
132
194
217
49
31
25
224
1
74
137
179
79
50
135
65
46
125
147
53
242
92
26
58
230
197
135
187
212
191
13
60
51
87
102
120
75
106
163
150
180
129
41
3
118
50
229
123
80
114
151
255
255
255
255
255
255
255
255
255
255
248
254
199
245
46
155
172
106
17
210
96
203
234
74
252
119
174
56
53
247
73
237
212
65
217
160
33
0
178
83
69
14
43
216
226
12
114
250
249
200
133
132
112
220
6
94
241
210
243
129
135
143
252
82
186
140
108
248
45
133
15
60
189
176
21
141
136
95
177
250
2
19
236
242
220
229
68
114
103
143
44
113
19
9
6
227
59
182
30
249
74
79
192
217
151
252
242
224
48
134
53
150
74
142
66
128
156
59
24
205
89
95
219
51
204
3
221
156
101
40
189
129
117
31
33
180
146
17
177
121
77
114
255
18
191
251
244
166
73
241
158
248
131
86
63
47
220
22
74
172
8
100
225
9
255
255
255
255
255
255
255
255
255
255
254
227
174
143
243
211
84
179
39
219
92
215
226
0
254
139
59
10
134
39
136
108
211
151
81
138
228
84
254
15
80
137
65
191
112
137
41
201
29
16
24
20
222
74
195
40
45
35
221
162
31
62
28
8
165
128
41
50
168
173
156
143
204
125
154
24
4
107
201
123
227
142
38
91
249
134
2
174
24
57
81
121
132
184
198
24
106
39
133
81
116
253
140
162
96
90
70
4
16
149
163
156
195
22
21
104
58
94
94
99
217
35
13
19
98
117
56
126
220
219
221
246
149
122
211
21
73
211
102
145
110
1
204
121
43
143
144
223
0
181
25
45
80
57
53
191
255
255
255
255
255
255
255
255
255
255
226
153
114
166
216
134
210
175
208
208
205
1
59
28
53
44
205
45
8
184
34
17
12
68
181
63
124
35
255
206
54
13
154
13
130
161
91
110
181
155
38
0
228
206
89
147
190
139
38
101
125
232
138
83
155
235
96
33
98
196
114
58
237
195
25
71
28
50
74
252
145
137
114
206
20
39
228
39
204
179
102
59
82
94
73
136
255
63
79
15
156
40
66
32
204
19
14
75
186
60
42
100
109
220
25
22
70
157
73
242
79
221
89
208
43
254
231
135
35
16
114
174
120
134
15
212
217
14
140
83
119
255
255
255
255
255
255
255
255
255
255
210
13
183
131
57
53
34
191
123
64
130
154
220
149
149
215
113
88
6
119
51
86
236
105
80
224
67
42
23
198
192
206
49
119
199
169
143
125
194
125
150
212
119
180
187
215
23
180
91
32
225
174
33
32
127
7
40
91
137
69
43
250
49
125
165
174
240
154
160
108
22
1
15
118
34
123
126
117
202
62
162
70
211
200
213
250
20
233
103
217
100
201
7
82
141
113
4
116
36
116
93
122
90
208
28
176
249
209
244
111
159
14
177
39
105
78
207
104
121
147
206
145
215
207
158
143
221
45
173
65
250
169
211
58
7
42
22
146
118
254
82
97
50
161
227
40
162
134
163
232
81
11
250
173
187
185
160
124
134
241
224
113
203
249
158
0
59
96
85
119
32
255
255
255
255
255
255
248
182
248
106
146
172
128
64
153
106
206
27
217
70
164
255
65
90
202
165
63
183
137
52
146
235
13
135
203
175
102
247
197
128
229
132
67
45
199
216
153
204
150
231
225
204
140
206
144
154
10
76
39
162
55
74
110
16
34
231
132
167
52
27
109
65
199
128
211
82
253
232
170
229
242
223
9
165
63
77
7
21
90
3
219
126
133
15
175
84
120
66
139
207
110
125
70
33
74
218
149
159
154
222
201
207
229
121
211
80
186
30
82
38
193
245
205
6
86
72
230
223
137
222
77
49
6
198
173
82
134
144
182
137
223
17
183
100
163
247
236
58
162
78
150
253
169
159
55
82
27
163
252
251
12
239
102
220
114
45
13
53
51
183
44
48
193
72
216
21
56
69
203
177
217
66
108
60
131
28
182
98
233
192
33
11
55
229
175
214
193
127
157
52
2
17
149
235
118
195
59
230
89
10
58
132
165
255
255
255
255
255
255
255
255
255
217
27
208
168
109
162
35
132
9
236
65
185
199
227
17
157
136
193
234
148
89
68
227
133
55
164
191
135
9
65
114
167
68
118
48
163
34
158
75
239
144
93
125
134
143
21
62
253
31
28
112
57
250
114
246
254
78
185
41
252
64
69
13
107
123
110
130
82
183
34
113
206
73
160
147
251
136
47
247
30
220
240
218
57
51
48
138
38
228
184
14
38
251
35
252
55
235
104
182
172
193
55
109
135
95
74
132
168
239
129
216
168
53
45
192
66
126
103
233
59
159
100
215
97
208
119
107
208
193
93
18
109
251
4
215
222
251
134
143
108
133
222
255
18
66
238
216
165
116
74
201
249
22
255
128
226
79
255
255
255
255
255
255
255
255
223
223
254
220
62
241
0
116
52
35
97
135
178
221
12
83
99
152
127
244
52
141
137
189
150
148
41
124
10
93
250
6
109
195
145
32
54
104
64
18
188
16
97
190
89
6
4
53
34
157
224
59
125
33
112
195
148
71
144
174
0
112
107
84
71
213
193
38
156
243
36
107
212
28
161
197
30
172
34
133
106
247
78
110
228
232
44
151
169
208
203
225
249
130
88
185
250
98
179
148
6
216
128
119
216
247
83
6
103
151
26
28
239
211
73
12
201
142
146
254
228
128
226
22
2
24
98
105
173
145
65
230
173
196
10
26
218
6
58
65
120
226
169
232
61
127
255
255
255
255
255
255
255
255
255
255
255
145
14
130
180
76
137
230
197
142
42
177
212
190
118
253
25
58
133
142
119
26
168
131
156
181
216
176
112
101
2
155
184
215
26
121
56
24
107
255
142
109
36
56
138
99
28
64
32
14
94
112
157
190
26
42
62
199
7
68
56
75
78
22
252
10
253
225
12
230
195
229
30
109
90
152
228
2
14
72
67
9
30
166
160
205
158
46
87
126
212
146
107
78
195
65
0
133
178
15
190
84
14
198
26
125
223
44
14
150
66
224
171
195
19
27
139
248
5
28
14
127
224
39
240
73
221
103
255
255
255
255
255
255
255
255
255
255
255
248
35
146
12
84
208
114
65
78
31
254
226
76
13
96
136
67
2
47
116
27
99
31
136
57
163
131
48
59
26
58
65
71
234
201
245
233
52
141
157
105
37
116
214
22
5
22
169
97
218
24
18
95
248
34
196
28
168
252
11
153
94
41
158
79
187
60
204
167
241
77
198
196
155
162
222
252
93
154
19
92
24
136
157
158
201
90
27
188
36
153
152
40
170
67
39
32
240
36
58
27
37
205
178
191
31
72
20
75
211
64
17
31
84
139
205
100
203
201
26
232
35
148
65
12
38
157
124
197
191
255
255
255
255
255
255
255
255
254
6
183
231
41
204
229
212
107
252
230
250
67
170
82
63
213
83
192
59
195
77
229
140
111
166
4
219
161
209
118
159
40
245
26
118
9
170
16
154
242
62
139
90
168
196
138
65
143
255
104
84
14
157
197
128
101
137
97
125
21
69
28
186
121
244
196
153
14
208
253
252
79
56
126
231
22
178
97
244
31
146
187
149
126
164
155
155
21
70
118
95
205
68
144
85
135
241
242
48
201
70
64
110
120
193
134
56
101
204
144
164
232
163
71
8
175
107
82
221
70
164
184
48
39
106
173
181
159
232
119
212
145
121
143
255
255
255
255
255
255
255
255
254
190
133
61
254
37
22
44
96
88
172
68
106
53
202
215
2
143
38
146
23
110
191
151
182
28
25
9
32
200
178
32
222
170
178
212
169
180
120
1
166
79
213
1
210
214
125
107
54
155
13
137
220
98
21
155
79
60
88
163
171
6
154
144
18
71
250
223
58
144
15
250
92
109
0
181
139
157
235
2
90
65
173
67
107
47
108
149
28
120
209
172
239
72
117
194
84
10
126
161
27
234
24
210
211
112
2
246
76
98
0
169
177
213
174
118
58
111
38
32
151
82
25
28
102
200
9
168
219
193
170
75
160
84
157
166
175
255
255
255
255
255
255
255
255
255
238
207
49
224
213
51
183
120
27
158
23
220
242
110
185
254
75
105
88
143
62
22
144
26
240
238
6
137
215
61
239
156
82
209
91
173
1
82
159
60
200
216
123
138
54
22
255
72
213
18
184
125
88
203
12
121
59
169
122
101
20
130
65
187
34
83
154
255
169
234
248
83
23
96
134
11
215
159
166
158
70
168
27
114
130
59
79
207
75
71
5
33
113
43
111
155
213
235
156
161
254
124
224
193
165
172
145
17
229
136
248
58
139
170
151
167
230
74
18
122
154
149
177
88
114
147
161
183
238
187
77
29
255
255
255
255
255
255
255
255
255
255
247
110
6
70
222
26
241
108
49
155
194
84
238
158
214
130
199
125
242
184
128
224
247
63
205
189
85
31
193
139
93
69
186
225
0
156
146
84
153
102
127
242
65
220
40
237
231
136
186
180
119
188
199
84
55
158
123
169
247
7
64
225
144
58
60
155
216
56
203
212
125
206
226
230
97
116
50
56
108
177
33
22
193
241
136
176
16
147
173
22
204
185
65
31
229
187
85
46
201
246
225
61
81
183
104
189
170
196
203
249
159
12
197
34
77
78
87
224
180
33
147
16
64
169
147
145
39
58
30
26
255
255
255
255
255
255
255
255
255
255
175
243
51
69
250
60
122
191
158
135
206
213
216
33
90
119
119
222
118
216
224
111
16
226
7
52
179
70
214
4
143
71
255
236
169
65
183
212
24
248
176
212
125
108
214
211
75
134
160
242
229
118
112
72
182
34
157
190
5
87
201
191
129
17
119
202
79
57
73
230
185
90
59
171
251
182
50
67
118
253
245
43
63
151
31
229
156
123
172
161
128
193
72
218
168
62
10
90
154
242
8
103
241
46
162
226
114
72
234
196
112
109
16
108
171
93
10
73
42
212
42
126
24
119
114
210
68
7
242
119
155
136
176
242
230
214
102
150
80
95
255
255
255
255
255
255
255
255
255
242
233
183
65
19
171
156
133
129
38
253
247
110
251
90
12
166
21
28
255
131
40
142
36
202
246
223
170
19
20
65
119
251
22
212
149
237
108
162
31
98
104
214
14
131
22
91
58
121
196
204
64
53
68
161
96
101
64
49
75
250
59
71
82
25
118
84
186
209
36
103
116
47
100
212
174
82
115
3
233
114
176
178
164
56
149
253
208
135
8
57
160
208
12
29
79
80
1
45
3
61
189
1
65
251
87
253
234
5
146
251
219
128
16
119
150
198
36
223
239
19
166
183
37
41
82
138
202
32
114
91
113
11
230
190
116
136
198
162
243
255
255
255
255
255
255
255
255
255
252
255
239
197
147
65
39
10
66
190
41
217
122
80
20
130
34
93
241
90
37
173
194
171
58
80
23
174
125
126
155
34
140
96
67
190
76
151
44
180
171
93
224
3
5
154
124
207
206
222
129
234
62
200
30
236
196
118
78
77
181
245
242
208
184
11
166
210
65
90
81
255
243
161
169
133
179
56
230
35
81
25
240
221
51
197
67
46
122
16
63
184
143
30
107
120
88
23
127
18
217
6
69
147
133
132
23
234
204
93
93
104
135
11
179
80
133
210
102
206
157
142
14
15
255
255
255
255
255
255
255
255
255
212
18
79
217
61
77
119
136
145
15
221
131
230
223
187
137
200
142
104
3
122
48
85
168
224
94
50
129
214
12
239
175
2
60
174
70
225
45
208
134
234
25
12
178
162
42
37
116
108
105
223
195
50
77
113
233
188
16
102
157
233
191
83
69
91
47
201
250
146
135
50
57
217
146
228
60
165
189
187
162
19
234
39
20
51
9
66
190
245
18
190
249
158
113
12
14
236
135
248
5
143
164
54
16
36
183
143
57
4
236
102
89
130
180
162
27
76
106
3
150
23
255
255
255
255
255
255
255
255
255
246
13
97
17
121
216
186
240
136
246
23
67
101
219
254
18
75
233
76
130
252
32
189
239
223
237
181
218
237
206
80
191
226
192
1
184
176
159
85
105
159
179
201
149
135
242
121
53
229
51
113
108
131
8
123
40
43
130
34
240
157
139
87
216
214
252
243
106
104
114
33
239
106
253
213
17
132
199
108
217
215
250
220
62
159
194
242
52
77
176
193
138
200
100
23
171
217
198
172
103
136
205
66
202
247
122
38
153
191
149
56
28
164
186
74
245
39
155
54
255
255
255
255
255
255
255
255
255
245
46
117
98
226
88
101
202
135
37
233
237
136
209
254
29
120
45
115
69
179
151
147
11
148
203
222
159
145
45
212
74
210
201
30
68
175
60
90
28
236
169
221
84
139
249
244
108
152
43
9
182
243
154
177
211
11
136
235
48
66
50
50
129
229
224
95
63
167
188
152
117
209
245
60
80
117
1
200
153
235
84
250
38
102
2
161
179
151
6
60
221
183
17
84
250
193
237
143
213
97
217
115
180
49
108
183
199
194
253
1
188
121
193
166
105
233
246
148
9
41
255
255
255
255
255
255
255
255
255
226
211
247
44
11
89
148
27
153
206
68
17
118
111
179
20
215
154
194
236
150
164
120
110
46
207
49
62
151
46
34
63
38
166
105
59
28
127
143
42
237
120
96
65
33
34
134
60
57
43
153
81
87
169
8
222
71
170
128
254
206
49
243
163
54
104
112
207
5
59
83
137
148
146
186
16
34
204
141
233
105
203
105
236
60
148
72
192
95
160
229
132
181
2
227
44
19
33
43
114
4
94
109
227
245
158
211
238
160
80
52
16
213
209
154
255
255
255
255
255
255
255
255
255
242
165
41
109
239
91
121
23
147
8
83
158
64
156
11
132
252
213
68
64
228
175
16
54
135
12
109
200
122
21
38
52
132
142
229
22
229
223
81
231
36
114
104
26
211
72
55
185
227
29
254
215
114
147
189
77
50
248
68
87
189
144
225
9
113
189
244
134
155
10
54
112
146
67
79
109
7
254
137
227
81
189
150
157
224
112
50
132
31
160
22
151
251
190
75
79
249
191
155
116
99
117
149
91
62
6
219
219
83
64
241
65
128
18
207
255
255
255
255
255
255
255
255
255
254
170
238
39
20
211
43
157
229
195
58
57
220
78
14
117
37
198
132
132
245
35
197
139
248
44
138
209
152
60
106
124
129
232
254
187
142
239
16
102
14
205
223
240
40
252
63
165
177
153
128
227
232
68
22
22
239
158
73
48
175
235
177
181
218
185
232
110
124
237
2
131
61
40
16
3
1
217
117
6
15
108
65
164
28
193
226
135
242
161
99
4
83
200
77
60
238
103
27
34
224
92
79
237
191
147
59
152
88
61
171
19
61
108
186
255
255
255
255
255
255
255
255
255
255
234
77
115
153
197
100
152
135
247
248
131
199
252
49
88
58
216
91
50
55
240
246
6
156
195
114
198
214
211
54
198
133
163
41
199
183
39
57
60
29
141
48
164
234
149
212
71
169
176
88
193
184
43
137
123
30
64
5
22
39
114
195
179
87
56
246
24
34
253
61
17
17
41
252
12
1
193
81
193
183
66
18
140
24
252
47
89
11
100
60
93
230
7
64
33
161
230
4
191
210
45
138
63
196
197
145
244
139
193
125
174
181
86
246
209
8
81
207
206
220
97
85
139
140
177
113
146
34
158
61
247
22
245
149
137
170
31
224
38
122
83
135
187
155
160
128
21
19
91
7
205
196
232
19
8
105
146
148
216
12
252
97
6
254
149
54
157
86
55
215
168
209
14
184
204
184
238
159
142
4
105
231
198
7
255
156
19
240
176
54
245
34
231
57
233
63
12
134
23
209
42
101
84
93
65
133
34
124
184
48
103
167
244
248
20
179
147
128
69
73
139
203
100
127
62
123
211
63
42
134
159
41
146
45
82
204
11
179
106
12
254
137
121
237
93
93
178
136
255
177
39
89
76
4
253
141
222
228
43
75
162
111
61
100
245
129
102
21
42
148
119
163
235
146
57
144
129
248
231
253
131
107
101
143
182
95
116
4
173
48
69
232
127
78
225
180
15
112
123
99
24
241
95
5
56
82
106
188
107
247
241
238
12
90
43
197
160
83
172
46
186
55
244
238
47
183
208
243
29
150
249
125
118
198
222
255
4
188
40
148
159
6
249
5
254
174
44
255
177
183
18
94
42
49
110
157
44
223
7
205
7
150
60
186
161
24
11
2
245
211
26
76
231
25
66
130
130
204
63
184
65
96
155
232
8
242
135
164
241
31
249
179
142
254
38
92
25
18
63
122
42
53
242
112
15
98
120
140
86
108
109
217
207
171
221
171
194
224
9
242
199
15
208
101
56
124
144
252
115
39
64
157
140
175
24
158
179
230
111
40
176
145
135
160
53
74
232
119
158
245
50
103
250
144
34
83
127
90
130
36
174
200
185
41
192
165
117
251
207
183
7
16
81
227
230
8
39
217
100
32
50
212
4
124
195
168
112
172
148
243
149
233
193
24
228
176
27
160
117
250
83
160
127
251
178
15
182
92
254
12
79
253
46
132
247
154
251
100
167
106
78
67
226
6
247
230
241
95
146
29
191
189
212
183
152
176
69
36
35
222
120
22
221
17
25
179
117
110
230
116
16
79
104
11
50
38
100
45
128
222
215
79
170
112
205
67
61
45
22
31
103
29
236
41
174
225
177
30
150
253
197
118
176
232
168
3
152
131
195
52
248
124
74
195
164
0
208
203
65
9
245
44
145
195
222
238
7
216
60
110
145
29
214
107
170
90
86
115
70
82
156
106
32
25
235
235
25
130
49
87
195
28
31
101
158
78
172
34
112
114
149
217
193
227
195
239
184
114
65
8
243
189
52
233
224
80
