250
36
205
83
91
52
21
203
86
133
100
131
254
31
83
9
32
24
88
243
110
123
148
244
241
112
196
201
24
168
119
51
236
210
203
165
176
247
95
13
224
59
29
213
48
33
185
184
103
174
217
99
144
172
170
241
148
182
5
135
95
157
45
67
78
184
166
207
32
121
67
209
29
144
23
7
190
122
124
94
163
193
32
140
10
178
73
253
216
83
38
30
39
148
9
6
192
31
54
255
180
40
218
255
137
91
53
251
18
213
12
12
214
157
255
251
28
250
201
71
255
255
255
255
255
255
255
255
255
255
255
255
255
255
255
255
250
185
117
62
211
242
186
90
180
143
18
24
231
177
82
232
86
206
169
227
57
110
57
182
34
144
83
232
75
173
137
207
153
10
182
54
33
104
230
136
218
25
126
148
223
151
16
73
97
40
176
19
101
255
58
33
253
218
233
177
39
96
63
229
80
232
29
194
209
255
120
10
155
48
128
128
211
226
214
60
11
235
105
207
52
151
155
196
228
144
125
195
167
159
187
64
166
84
80
44
19
41
10
63
38
115
242
68
144
149
46
208
74
199
152
116
167
169
147
124
63
155
116
152
47
213
254
251
185
132
152
254
166
129
55
138
90
201
243
61
34
215
187
243
183
40
181
38
126
80
161
235
78
45
136
42
226
221
155
109
142
67
142
157
162
209
207
255
255
255
255
255
255
255
255
255
255
255
254
159
208
133
192
140
22
185
249
17
183
127
143
239
247
16
137
221
200
89
73
0
169
175
230
45
180
86
253
153
95
186
99
47
72
11
36
16
63
175
70
112
157
135
145
84
62
206
22
243
1
68
234
140
233
244
121
75
132
52
247
29
47
33
187
232
234
148
51
143
205
97
244
36
245
198
157
18
144
32
5
56
174
77
123
55
19
51
133
68
60
205
108
31
57
10
44
243
209
23
6
243
184
55
31
2
133
19
38
40
28
127
255
255
255
255
255
255
255
255
255
255
255
255
122
113
45
14
141
115
120
90
161
20
200
193
105
178
223
206
148
169
215
243
226
14
11
219
58
160
207
112
239
188
21
179
1
226
42
221
87
69
15
154
25
144
160
254
242
226
203
205
66
175
251
203
204
21
189
90
151
93
40
128
0
100
180
213
245
53
2
106
155
84
64
177
116
242
51
54
134
32
159
10
203
78
252
119
142
149
20
13
4
26
31
62
161
187
191
206
250
150
119
160
252
91
69
125
142
223
51
77
20
83
141
27
67
1
114
152
113
79
178
45
230
42
227
138
2
62
46
7
169
52
50
174
59
149
159
255
255
255
255
255
255
255
255
255
255
88
254
63
156
80
252
97
75
168
89
103
158
151
67
116
210
148
19
183
127
185
133
197
180
189
181
90
18
47
76
120
84
176
95
204
115
238
156
181
50
88
153
95
165
83
24
43
25
118
126
165
197
240
203
35
131
28
202
245
208
110
71
50
49
225
21
173
241
40
163
242
13
222
90
52
36
169
28
116
114
238
138
139
43
213
98
2
1
220
223
116
187
43
210
222
55
193
152
220
191
147
116
38
96
95
181
254
200
22
80
6
60
238
128
85
173
72
168
255
148
82
221
49
0
156
85
118
21
140
120
86
73
119
223
247
90
229
216
121
176
179
52
12
63
202
235
122
177
84
130
220
179
71
242
97
183
243
12
194
20
40
191
219
255
255
255
255
255
255
255
255
200
219
119
152
114
181
197
51
139
132
134
68
57
195
47
154
64
146
3
14
207
138
112
162
77
80
41
10
15
241
245
154
51
82
169
142
44
118
18
224
178
97
122
249
246
14
134
58
96
255
61
107
220
21
223
124
251
219
170
245
248
171
243
164
26
54
192
130
142
70
131
12
156
140
177
232
126
132
214
68
23
8
41
170
34
32
129
199
138
142
243
131
210
77
44
13
194
180
224
64
23
171
138
13
157
17
213
34
179
159
255
255
255
255
255
255
255
255
255
231
225
70
212
219
208
185
13
205
191
237
49
177
176
127
20
167
94
131
124
100
208
171
170
24
191
147
91
115
242
245
103
55
20
76
16
243
223
42
67
31
151
187
105
116
240
120
58
52
12
19
28
218
164
108
28
50
245
39
189
184
227
140
180
136
15
213
249
155
12
6
60
122
120
21
19
76
148
75
30
111
199
45
131
51
196
179
249
120
79
83
4
129
24
81
82
212
249
137
175
88
23
142
236
127
123
110
14
72
73
85
252
71
198
58
136
243
188
202
90
152
173
88
174
223
28
246
13
76
39
181
115
168
44
222
60
90
231
217
64
153
235
223
212
215
117
215
238
46
115
83
112
20
147
142
181
248
123
72
73
139
247
167
227
65
161
255
255
255
255
255
255
255
255
255
244
81
227
86
219
156
231
174
165
202
125
170
226
85
183
121
228
43
158
167
122
193
185
90
124
221
162
225
98
146
149
134
112
102
89
74
50
142
64
109
145
249
20
197
232
84
114
185
82
87
130
229
4
45
122
164
223
152
154
121
123
187
36
99
27
83
128
154
83
67
169
69
102
181
91
104
13
2
236
84
102
245
194
45
111
125
26
66
162
40
140
134
183
195
153
159
117
26
40
135
57
218
3
250
189
85
92
233
228
246
146
11
21
102
96
180
12
186
192
12
63
9
71
218
94
95
2
52
159
218
12
243
255
46
202
231
86
130
17
95
34
40
91
35
164
169
144
25
36
180
85
141
150
64
89
223
51
80
34
25
3
203
200
93
209
135
1
28
0
31
99
137
216
254
185
134
163
53
236
168
79
101
53
59
211
154
206
255
90
244
121
141
179
170
225
232
77
171
84
246
147
6
27
98
153
227
156
255
3
246
168
178
123
133
91
255
255
255
255
255
255
255
255
255
255
106
58
28
114
134
229
191
32
200
156
171
111
151
57
141
255
162
25
144
71
60
32
193
127
45
129
179
204
74
215
68
216
119
205
73
209
122
73
210
163
255
74
217
203
49
14
203
143
220
201
60
146
54
252
178
49
46
40
8
7
197
220
239
158
182
173
199
60
30
54
231
218
208
118
50
127
135
76
3
219
165
35
168
50
113
251
164
193
219
176
152
83
146
73
248
193
191
184
157
85
180
137
135
82
4
213
255
97
180
118
5
67
177
235
85
215
214
226
196
226
106
40
39
248
244
212
203
131
184
135
167
234
163
210
83
37
241
206
173
196
6
231
202
210
114
0
164
212
107
249
11
107
228
197
84
29
72
210
86
34
230
128
77
139
88
84
189
10
18
108
211
53
161
189
27
218
114
49
72
238
84
140
201
215
192
70
159
177
120
184
149
32
176
143
95
53
47
91
55
9
38
144
204
84
203
7
213
43
217
67
82
19
255
106
86
1
192
115
124
79
255
255
255
255
255
255
255
255
255
255
255
237
33
21
115
137
94
251
73
152
179
105
89
41
74
213
51
249
232
41
160
46
225
202
2
192
227
40
6
15
125
8
201
121
166
17
234
228
110
220
137
229
183
13
235
95
174
179
222
219
114
167
35
77
63
146
122
46
213
56
254
38
23
94
68
179
101
0
40
246
103
29
219
246
118
86
134
209
249
49
42
139
1
15
184
225
26
15
54
166
221
74
101
241
231
137
66
221
243
102
185
38
164
226
137
74
51
162
31
216
222
39
29
194
42
133
226
61
96
111
99
212
206
202
63
228
156
36
29
144
83
125
125
177
190
171
65
238
22
8
34
102
18
5
189
178
78
177
142
122
238
41
164
44
172
196
215
52
89
8
229
105
71
192
156
21
225
120
143
221
176
191
134
218
240
49
148
41
218
1
42
186
7
162
10
93
160
242
123
255
255
255
255
255
255
255
255
255
255
255
236
93
215
169
249
222
157
57
35
86
179
193
22
82
204
159
139
135
100
246
193
165
181
105
250
210
170
209
16
172
129
250
94
89
104
30
171
183
73
3
231
151
157
0
212
102
78
165
207
101
114
3
225
196
77
147
214
81
32
135
221
198
107
25
120
29
129
248
26
93
239
235
72
212
240
126
204
232
112
24
200
199
92
52
8
117
66
233
8
55
128
122
97
239
78
32
78
49
237
168
229
216
159
99
33
159
238
193
17
185
60
36
2
72
132
156
83
92
169
36
68
235
114
141
139
3
67
73
126
95
237
214
85
187
222
26
16
137
165
90
197
187
217
104
162
150
222
235
58
221
127
194
187
224
128
62
212
184
21
29
138
104
4
3
199
134
252
216
197
122
213
64
39
146
242
92
198
96
58
116
187
34
21
227
153
83
244
107
191
253
0
253
189
220
217
183
8
23
240
169
35
190
245
242
148
181
56
182
68
5
240
239
66
222
48
159
73
219
130
175
83
255
255
255
255
255
255
255
255
255
255
255
255
248
217
83
133
152
163
247
81
5
23
161
217
203
109
122
20
123
18
227
246
172
1
9
171
44
79
0
84
198
184
151
102
245
20
16
129
74
110
215
59
97
96
60
240
165
226
49
150
93
190
155
71
121
215
177
222
95
96
131
90
218
94
11
215
74
82
213
74
33
245
43
26
173
226
149
79
168
18
9
11
164
206
229
6
207
180
112
99
129
51
89
153
94
154
96
185
221
14
2
231
12
68
77
227
229
82
227
223
64
61
65
250
188
85
204
68
11
52
97
60
229
26
16
79
237
241
7
238
226
208
204
6
181
145
142
191
160
213
87
131
137
57
103
53
151
36
40
108
180
47
140
56
245
68
207
138
105
7
47
95
44
226
205
24
126
224
108
244
146
73
152
3
191
80
71
74
255
255
255
255
255
255
255
255
255
255
255
255
255
68
110
139
89
13
10
88
115
14
168
134
165
127
238
255
150
255
169
106
22
200
108
168
134
135
136
145
85
213
227
141
73
64
146
181
43
183
142
14
175
100
226
159
196
238
157
211
227
80
33
27
40
4
0
205
152
182
205
28
197
85
88
247
74
122
36
123
215
233
99
20
218
9
149
39
20
153
72
76
29
226
228
232
43
67
44
90
115
27
249
151
202
48
224
247
238
42
85
224
97
96
124
165
151
19
21
193
86
15
71
11
115
247
92
85
131
233
34
152
97
27
180
31
153
192
87
218
165
168
195
48
234
109
219
33
228
44
28
170
92
162
1
196
109
82
253
27
236
52
157
84
147
5
43
80
85
48
198
29
255
255
255
255
255
255
255
255
255
255
255
255
255
254
69
98
137
235
9
167
124
172
93
110
115
69
227
140
228
222
113
10
5
243
174
91
215
203
82
46
172
158
17
146
29
62
11
222
202
173
230
248
110
117
60
85
170
120
88
190
254
166
74
96
211
221
151
57
44
56
226
45
215
104
166
111
39
145
104
216
244
171
147
171
235
91
44
105
49
47
109
133
177
236
176
19
47
227
202
128
70
225
145
131
185
114
110
191
149
104
48
21
90
40
99
137
101
82
155
60
135
34
56
4
175
163
3
238
164
245
198
50
177
50
67
42
65
18
166
239
46
50
21
221
41
171
208
83
66
234
108
230
27
74
116
79
83
205
191
167
235
184
89
88
194
241
6
212
131
2
177
222
200
50
37
226
70
77
50
1
62
216
179
115
176
204
83
173
27
70
254
96
13
79
152
199
255
255
255
255
255
255
255
255
255
255
255
255
109
236
41
125
41
50
199
223
187
139
19
18
227
21
178
51
182
245
75
49
93
207
104
7
81
151
120
255
241
67
185
39
157
177
4
90
73
16
69
247
179
108
214
164
7
143
87
48
33
41
224
164
166
52
186
204
181
109
83
66
185
26
34
38
41
58
15
192
189
51
97
57
128
21
230
201
150
143
101
6
12
24
68
137
19
37
14
242
225
164
96
4
65
88
2
239
39
89
46
225
253
104
124
135
38
211
223
112
8
52
36
188
118
188
64
90
188
156
109
7
183
96
121
32
96
6
136
51
181
147
69
218
18
20
184
73
71
141
4
40
67
252
253
248
143
8
178
174
57
181
11
232
189
254
21
147
0
231
144
47
199
100
127
220
189
140
49
177
127
255
255
255
255
255
255
255
255
255
255
255
230
11
54
213
162
128
71
32
228
116
30
50
50
2
88
72
92
47
117
93
137
238
3
146
217
158
205
193
6
217
74
97
131
253
83
219
0
225
5
0
241
27
71
223
10
46
136
17
99
85
40
187
86
160
102
132
205
216
62
190
165
81
19
156
221
108
215
165
131
45
127
189
34
117
141
227
58
16
170
166
130
59
29
162
32
101
183
64
176
158
40
195
187
231
186
55
96
118
195
126
137
60
88
48
170
147
11
32
187
120
91
226
158
216
101
205
23
100
24
3
90
28
60
189
169
22
137
154
200
188
84
145
143
17
158
14
221
243
171
209
93
12
6
190
151
167
162
140
30
127
6
161
178
88
226
255
255
255
255
255
255
255
255
255
255
255
255
255
200
53
223
155
142
219
38
127
210
156
39
114
125
123
6
170
107
145
95
47
165
184
108
79
145
40
4
31
215
174
214
225
210
61
51
5
241
201
20
195
121
170
110
42
183
225
171
237
55
96
221
59
94
250
200
87
244
247
159
118
216
34
161
23
150
121
38
115
130
175
244
225
164
135
31
246
184
59
177
149
63
192
64
5
244
150
168
14
45
104
140
82
40
122
242
101
215
226
125
14
68
129
172
31
199
162
25
119
41
72
17
160
30
22
152
49
87
82
28
80
216
143
195
11
144
224
235
117
8
102
45
220
236
34
214
76
216
140
185
255
255
255
255
255
255
255
255
255
255
254
4
59
128
112
103
87
33
224
162
131
188
35
127
30
135
117
121
67
197
213
163
175
194
214
166
27
184
191
110
225
21
85
27
109
19
240
108
160
229
77
232
171
23
100
82
93
62
168
43
184
138
201
126
94
75
116
106
53
129
76
157
29
252
79
101
140
243
245
151
194
55
126
96
17
89
170
86
194
25
52
137
158
174
71
140
81
45
0
247
111
8
68
206
90
213
196
233
225
190
242
69
89
160
166
97
236
44
182
236
136
138
166
16
145
19
68
34
32
150
37
154
58
67
28
96
210
201
122
183
104
46
119
32
254
232
154
76
63
9
150
76
175
174
35
25
208
63
255
255
255
255
255
255
255
255
255
255
255
255
254
240
144
241
201
74
48
133
120
115
170
89
229
116
51
91
149
169
16
126
162
221
118
185
105
47
234
33
28
72
133
214
93
252
186
53
130
25
93
34
14
4
151
4
83
6
151
155
25
181
240
208
27
173
242
196
134
230
163
252
3
110
69
128
9
99
151
45
117
62
98
107
64
193
224
201
182
173
235
113
28
111
7
237
194
69
160
161
204
231
229
30
104
173
214
191
128
219
230
204
129
250
70
217
19
226
39
4
55
119
18
118
135
110
80
229
148
54
247
8
33
182
173
45
33
227
226
38
218
181
98
168
114
127
255
255
255
255
255
255
255
255
255
255
255
254
97
147
30
82
178
115
90
65
39
35
171
198
44
17
55
19
199
105
215
119
84
102
17
182
180
173
122
172
118
7
207
29
66
10
134
134
66
115
237
228
168
22
83
167
224
140
179
17
188
136
174
134
43
232
184
30
216
94
82
27
99
196
252
171
199
141
252
37
75
103
156
143
153
198
147
17
195
245
56
84
230
6
160
25
174
94
208
163
35
105
214
93
229
194
69
134
167
229
144
61
187
228
56
140
42
48
41
190
68
207
108
157
29
26
122
173
205
23
138
255
16
155
113
33
101
163
112
102
103
218
215
186
222
205
195
223
181
117
114
57
165
140
135
58
230
83
134
8
208
36
235
255
255
255
255
255
255
255
255
255
255
255
254
154
147
125
9
2
85
40
52
59
126
176
199
234
205
233
35
233
147
185
31
61
162
50
41
180
221
2
182
91
195
80
89
51
84
227
33
98
10
119
106
238
6
247
95
112
55
164
3
34
14
210
132
226
205
15
234
232
35
55
250
40
30
12
224
85
54
63
116
87
91
67
90
249
100
218
132
41
80
181
94
130
39
89
171
71
140
217
154
96
0
254
101
181
143
127
23
108
121
48
23
45
20
244
238
19
152
106
252
105
254
30
182
200
52
174
178
232
196
50
111
45
8
22
245
227
191
249
207
67
6
171
119
20
3
176
186
17
121
166
3
230
253
98
165
155
91
69
133
25
191
252
38
61
59
178
13
228
156
234
219
53
63
95
216
0
208
58
63
255
255
255
255
255
255
255
255
255
255
255
255
35
89
183
248
169
128
136
236
192
121
239
166
201
138
89
25
65
184
122
181
30
219
65
66
195
197
127
168
145
155
167
39
102
22
11
208
225
28
15
11
71
80
47
201
219
177
73
236
60
117
55
214
72
211
233
163
15
192
123
205
143
24
90
223
33
2
145
85
197
105
246
25
90
11
4
220
169
112
54
62
201
79
75
22
198
226
77
147
143
85
54
1
128
177
17
178
169
254
159
120
102
55
223
35
34
13
138
65
99
243
14
162
118
246
75
223
136
144
94
171
175
105
64
85
199
203
103
51
172
241
144
24
208
17
121
200
226
230
161
56
113
177
217
46
210
185
219
14
159
62
202
217
192
106
93
76
235
61
241
63
255
255
255
255
255
255
255
255
255
255
255
238
30
237
231
240
241
248
98
226
33
5
230
102
234
195
30
53
104
110
247
146
156
104
217
111
96
110
70
38
127
123
134
191
52
210
94
46
75
110
106
213
153
188
181
22
74
21
136
43
32
38
242
199
65
69
88
45
59
96
216
231
187
220
161
147
103
72
179
183
222
236
6
118
212
213
250
255
161
66
138
22
204
55
190
26
147
162
243
102
242
210
154
208
152
140
105
86
110
247
59
174
59
2
194
136
4
156
204
222
171
43
28
88
28
226
11
225
183
102
220
103
196
148
200
141
136
76
28
111
10
220
163
181
137
108
60
90
196
177
243
90
56
164
199
140
148
68
22
131
119
69
6
116
82
9
175
41
110
148
233
89
106
243
155
28
211
87
73
182
147
172
116
127
255
255
255
255
255
255
255
255
249
13
3
73
38
49
126
205
9
71
164
183
218
237
35
157
255
21
17
192
99
137
175
69
190
46
158
168
15
144
146
66
109
28
73
18
92
1
159
13
16
107
179
222
255
181
150
198
204
19
187
238
189
63
154
157
236
242
200
80
118
210
8
105
93
83
230
27
106
54
196
236
217
2
115
162
88
78
241
224
229
197
58
217
245
181
55
101
25
102
231
219
222
55
154
146
252
187
226
107
162
204
148
159
10
169
12
14
40
155
41
27
161
152
207
103
153
146
45
155
148
99
104
164
225
223
249
148
162
223
201
220
81
90
142
159
157
65
7
54
124
71
244
26
44
132
144
160
144
110
73
143
255
162
198
158
206
122
73
159
171
166
37
248
232
100
202
149
20
216
118
2
16
251
52
64
106
21
56
218
255
43
85
166
126
206
36
196
39
66
204
80
5
89
15
252
215
70
213
212
197
58
138
231
179
160
241
119
153
15
5
180
57
25
233
137
90
44
201
60
176
119
250
79
52
206
70
109
243
151
246
63
255
255
255
255
255
255
255
255
255
242
181
34
67
248
49
130
109
34
33
242
45
207
6
234
104
8
210
168
2
242
3
68
199
141
196
134
15
12
244
194
193
43
193
59
143
38
227
125
207
182
241
67
225
211
189
212
70
0
4
175
40
230
74
205
6
107
227
166
178
51
137
0
131
83
119
78
166
82
103
22
218
197
144
87
186
96
190
205
211
219
57
136
106
192
208
17
173
252
15
47
202
5
234
200
155
255
3
29
126
101
200
251
228
204
160
208
33
57
198
171
3
181
46
159
153
111
86
66
145
140
30
113
81
41
69
142
131
21
20
232
149
221
29
60
16
157
245
19
147
138
200
95
144
107
25
180
159
159
255
255
255
255
255
255
255
255
255
255
255
255
255
235
150
214
150
104
217
196
33
246
229
185
42
135
147
227
141
219
193
137
135
123
212
235
249
228
38
75
235
111
2
58
165
254
171
94
114
222
68
51
164
207
207
53
143
16
241
48
53
19
34
177
174
129
59
164
184
190
127
115
117
68
219
41
243
59
178
46
112
66
0
64
188
228
14
12
48
160
238
232
174
90
90
201
252
233
91
246
158
30
181
177
139
13
7
8
238
242
139
197
14
243
119
34
201
163
195
117
44
9
76
41
247
168
17
252
135
171
248
51
40
95
226
191
150
192
31
172
159
78
205
193
199
76
169
245
197
92
82
9
93
170
8
124
193
114
116
255
255
255
255
255
255
255
255
255
254
240
56
39
143
83
162
108
109
208
37
161
84
173
13
246
143
21
194
52
214
45
229
82
180
166
34
141
39
42
62
189
193
40
161
212
161
209
32
0
24
145
199
229
203
19
87
207
185
182
131
213
189
80
35
141
128
127
95
141
182
31
33
57
99
180
244
82
221
27
39
50
177
48
147
78
134
123
195
147
210
115
109
173
241
126
50
150
247
40
87
49
61
205
136
9
126
245
177
146
184
179
191
208
162
124
28
194
114
98
111
72
255
138
126
239
50
178
66
156
129
213
248
134
239
204
254
229
140
224
103
126
67
230
236
254
177
182
142
73
146
167
36
136
193
97
124
228
182
73
122
156
117
175
38
1
227
107
192
39
195
79
113
20
161
106
48
185
223
255
255
255
255
255
255
255
255
255
236
38
182
85
132
49
186
74
218
52
235
159
251
115
234
198
240
166
157
188
246
156
143
221
184
130
33
183
112
248
87
162
89
8
82
173
203
45
180
188
180
116
128
230
118
207
142
77
1
159
40
250
125
229
42
76
255
138
75
86
69
165
207
237
39
118
98
103
246
20
84
203
136
111
110
5
186
170
65
16
192
129
5
225
175
121
150
148
177
127
24
202
11
192
243
197
83
36
112
140
241
175
251
13
82
138
150
83
193
241
61
171
87
38
118
161
240
163
249
126
62
114
115
100
97
16
43
228
38
35
236
136
211
154
173
205
19
34
88
166
132
119
60
202
78
141
17
124
191
201
43
120
76
216
180
70
34
159
255
255
255
255
255
255
255
255
255
255
255
255
251
78
144
218
55
88
222
168
122
115
113
239
8
137
141
175
89
198
111
219
80
194
159
23
114
0
68
184
105
97
122
77
103
173
16
221
223
140
64
193
114
86
75
233
81
69
178
238
150
17
174
39
5
123
168
12
183
18
242
15
88
91
218
70
180
156
56
30
226
59
250
151
208
27
228
19
47
226
234
192
28
56
235
92
178
220
132
67
137
138
77
133
77
23
153
146
164
147
107
237
239
3
222
98
250
102
244
140
144
215
32
189
100
198
89
110
76
63
233
149
38
208
232
10
216
229
196
190
222
228
124
173
76
33
39
175
24
193
73
94
54
169
217
220
227
107
6
176
252
116
161
181
119
255
255
255
255
255
255
255
255
255
255
255
255
250
127
71
48
99
66
129
26
246
214
188
52
190
157
229
32
50
50
252
84
142
202
169
92
68
74
43
225
13
29
112
29
197
59
21
193
202
232
70
246
109
244
146
86
144
205
205
166
23
97
152
241
60
254
199
9
35
87
21
106
71
72
102
199
244
49
158
54
154
255
159
74
187
63
116
20
222
200
31
83
116
129
16
209
44
163
177
57
232
88
206
240
216
202
237
234
160
38
152
32
115
77
22
238
76
233
239
10
227
20
159
168
90
51
70
212
242
129
49
8
62
30
65
2
40
127
255
255
255
255
255
255
255
255
255
255
255
198
184
232
46
28
102
236
108
123
121
78
77
73
84
0
182
33
32
166
37
204
208
55
237
211
88
255
248
128
49
174
74
64
194
117
38
242
149
131
217
77
235
210
51
17
105
1
229
127
165
205
227
161
156
58
215
116
97
170
206
92
146
138
56
97
46
253
150
140
69
233
87
194
58
187
6
52
227
223
203
56
94
206
164
57
187
13
195
239
40
112
135
29
125
24
64
49
16
214
11
135
93
178
54
56
181
238
150
239
135
11
168
211
166
176
140
233
162
195
145
255
255
255
255
255
255
255
255
255
255
255
255
186
205
157
195
194
147
181
233
109
158
69
103
208
237
110
60
161
140
52
136
188
155
71
168
14
155
65
220
5
38
127
215
158
68
245
153
108
205
210
72
31
25
228
145
99
123
34
63
173
122
200
198
153
28
33
64
56
244
245
85
18
2
155
124
8
163
177
227
193
148
150
79
164
239
52
211
216
187
195
3
242
223
121
13
75
128
130
196
242
86
106
94
135
133
242
108
62
220
11
73
21
30
125
33
226
106
68
25
158
28
48
170
132
83
98
203
56
186
220
200
127
255
255
255
255
255
255
255
255
255
255
255
175
153
86
153
34
53
233
225
212
76
19
200
1
64
70
8
87
51
98
206
17
155
236
47
147
181
205
23
169
53
242
127
220
255
1
254
230
87
2
196
118
178
47
3
216
101
226
192
167
63
246
38
115
48
241
160
63
135
118
232
54
37
48
100
218
151
64
102
67
42
123
28
52
29
25
28
183
110
39
154
98
146
23
126
209
74
142
52
36
123
155
216
196
15
237
209
73
188
197
217
64
41
119
108
83
44
202
40
150
198
23
92
94
216
209
232
108
224
255
74
198
81
236
219
180
144
195
86
153
188
114
205
61
11
121
177
84
176
37
192
80
234
21
168
9
74
121
55
136
30
13
73
211
2
165
84
199
119
158
116
226
27
241
19
1
199
172
149
37
3
116
245
222
157
105
144
196
75
38
149
148
206
180
157
190
60
90
14
76
43
35
40
206
144
27
42
222
196
182
207
37
167
38
150
202
112
87
4
26
228
185
5
41
62
30
197
158
151
254
165
120
139
55
152
29
105
102
165
172
152
194
166
217
239
36
8
118
44
40
110
69
166
214
223
172
61
201
80
105
129
247
122
104
182
91
121
62
253
70
17
80
59
26
186
27
63
243
129
241
216
20
250
200
209
3
100
138
154
200
53
55
192
185
73
241
17
168
202
104
91
155
122
255
190
1
51
128
41
241
115
126
212
162
23
25
86
220
4
182
76
154
130
112
164
239
18
187
181
19
103
250
212
158
69
245
37
222
129
146
91
150
215
198
209
242
15
165
192
97
104
87
80
125
147
147
215
159
125
87
100
157
2
196
171
17
215
113
148
137
228
112
148
4
230
233
212
105
140
1
170
0
63
208
252
20
13
184
146
65
120
240
237
167
7
224
110
174
186
13
154
149
175
72
115
103
64
1
172
213
36
103
15
199
30
114
76
236
97
183
206
69
35
77
6
107
5
216
114
69
232
164
142
183
188
198
56
61
45
202
244
101
224
194
38
179
99
152
119
254
153
99
110
146
208
111
205
163
233
26
96
21
70
97
0
104
147
121
248
122
123
83
238
107
163
78
46
35
80
50
247
91
217
142
60
